
0.00	-0.000
1.00	0.263
2.00	-0.439
3.00	-0.415
4.00	-0.000
5.00	-0.653
6.00	-0.000
7.00	-0.584
8.00	0.544
9.00	0.368
10.00	-0.000
11.00	-0.000
12.00	-0.387
13.00	-0.000
14.00	-0.447
15.00	-0.046
16.00	-0.000
17.00	-0.000
18.00	-0.806
19.00	0.342
20.00	-0.301
21.00	0.301
22.00	-0.000
23.00	-0.000
24.00	-0.000
25.00	-0.215
26.00	0.508
27.00	0.447
28.00	-0.000
29.00	-0.000
30.00	0.523
31.00	0.137
32.00	0.193
33.00	0.043
34.00	0.279
35.00	0.339
36.00	0.060
37.00	0.261
38.00	0.026
39.00	-0.000
40.00	0.382
41.00	-0.000
42.00	-0.000
43.00	0.537
44.00	-0.000
45.00	0.824
46.00	0.763
47.00	0.461
48.00	0.134
49.00	0.486
50.00	-0.000
51.00	1.352
52.00	0.321
53.00	-0.062
54.00	0.020
55.00	0.520
56.00	-0.000
57.00	-0.000
58.00	0.225
59.00	0.460
60.00	0.528
61.00	0.153
62.00	-0.176
63.00	-0.000
64.00	-0.000
65.00	-0.000
66.00	-0.042
67.00	0.626
68.00	-0.000
69.00	-0.000
70.00	1.061
71.00	0.817
72.00	-0.000
73.00	-0.000
74.00	-0.000
75.00	0.301
76.00	-0.000
77.00	-0.000
78.00	-0.000
79.00	-0.000
80.00	0.271
81.00	0.085
82.00	0.155
83.00	0.246
84.00	1.374
85.00	0.166
86.00	1.230
87.00	0.915
88.00	0.816
89.00	-0.000
90.00	0.331
91.00	0.389
92.00	0.602
93.00	0.865
94.00	-0.000
95.00	1.580
96.00	1.114
97.00	0.490
98.00	0.566
99.00	0.793
100.00	0.181
101.00	-0.000
102.00	-0.000
103.00	0.262
104.00	1.119
105.00	0.132
106.00	1.380
107.00	0.491
108.00	-0.000
109.00	0.809
110.00	0.566
111.00	0.319
112.00	0.128
113.00	0.940
114.00	0.720
115.00	0.395
116.00	0.360
117.00	0.455
118.00	-0.000
119.00	-0.000
120.00	1.000
121.00	1.556
122.00	1.024
123.00	-0.000
124.00	-0.000
125.00	-0.000
126.00	0.721
127.00	-0.000
128.00	1.736
129.00	-0.000
130.00	-0.000
131.00	0.808
132.00	0.669
133.00	0.899
134.00	0.879
135.00	0.789
136.00	0.919
137.00	0.290
138.00	0.822
139.00	-0.000
140.00	-0.000
141.00	1.394
142.00	0.775
143.00	1.322
144.00	1.073
145.00	0.440
146.00	0.725
147.00	-0.000
148.00	0.866
149.00	-0.000
150.00	-0.000
151.00	-0.000
152.00	-0.000
153.00	-0.000
154.00	0.549
155.00	0.607
156.00	1.024
157.00	-0.000
158.00	0.812
159.00	-0.000
160.00	0.554
161.00	0.563
162.00	1.244
163.00	1.236
164.00	1.932
165.00	1.106
166.00	-0.000
167.00	1.244
168.00	0.632
169.00	0.943
170.00	1.015
171.00	2.303
172.00	-0.000
173.00	0.820
174.00	0.560
175.00	0.966
176.00	1.291
177.00	-0.000
178.00	0.945
179.00	0.942
180.00	0.703
181.00	0.824
182.00	1.125
183.00	0.813
184.00	1.558
185.00	0.653
186.00	0.862
187.00	-0.000
188.00	-0.000
189.00	1.665
190.00	1.086
191.00	0.615
192.00	-0.000
193.00	-0.000
194.00	0.745
195.00	0.891
196.00	0.832
197.00	-0.000
198.00	-0.000
199.00	-0.000
200.00	1.263
201.00	0.610
202.00	1.036
203.00	1.535
204.00	-0.000
205.00	-0.000
206.00	-0.000
207.00	-0.000
208.00	-0.000
209.00	1.249
210.00	0.931
211.00	-0.000
212.00	0.745
213.00	1.015
214.00	0.887
215.00	-0.000
216.00	-0.000
217.00	-0.000
218.00	-0.000
219.00	0.923
220.00	-0.000
221.00	-0.000
222.00	0.784
223.00	0.839
224.00	1.844
225.00	1.176
226.00	0.728
227.00	0.978
228.00	1.558
229.00	-0.000
230.00	-0.000
231.00	-0.000
232.00	-0.000
233.00	1.551
234.00	1.446
235.00	-0.000
236.00	-0.000
237.00	-0.000
238.00	-0.000
239.00	-0.000
240.00	1.537
241.00	1.036
242.00	1.240
243.00	-0.000
244.00	-0.000
245.00	1.421
246.00	-0.000
247.00	-0.000
248.00	-0.000
249.00	1.205
250.00	1.244
251.00	1.462
252.00	1.071
253.00	1.338
254.00	1.248
255.00	1.434
256.00	1.016
257.00	1.153
258.00	1.470
259.00	-0.000
260.00	1.518
261.00	1.931
262.00	-0.000
263.00	-0.000
264.00	2.416
265.00	-0.000
266.00	1.468
267.00	2.271
268.00	1.184
269.00	1.091
270.00	0.906
271.00	1.196
272.00	2.293
273.00	1.990
274.00	0.888
275.00	1.204
276.00	1.484
277.00	-0.000
278.00	1.468
279.00	1.214
280.00	2.222
281.00	2.046
282.00	1.380
283.00	1.137
284.00	-0.000
285.00	1.169
286.00	-0.000
287.00	1.371
288.00	-0.000
289.00	-0.000
290.00	1.516
291.00	2.547
292.00	1.758
293.00	1.650
294.00	-0.000
295.00	1.261
296.00	-0.000
297.00	1.316
298.00	1.690
299.00	-0.000
300.00	-0.000
301.00	1.466
302.00	1.440
303.00	-0.000
304.00	-0.000
305.00	-0.000
306.00	-0.000
307.00	2.191
308.00	1.845
309.00	1.654
310.00	1.261
311.00	1.310
312.00	1.325
313.00	2.297
314.00	1.541
315.00	-0.000
316.00	1.370
317.00	1.149
318.00	1.986
319.00	-0.000
320.00	-0.000
321.00	1.375
322.00	1.511
323.00	-0.000
324.00	-0.000
325.00	-0.000
326.00	1.297
327.00	1.318
328.00	1.905
329.00	-0.000
330.00	1.802
331.00	1.763
332.00	1.318
333.00	1.066
334.00	1.286
335.00	1.127
336.00	1.219
337.00	1.857
338.00	-0.000
339.00	1.184
340.00	1.246
341.00	1.254
342.00	1.252
343.00	1.457
344.00	1.216
345.00	1.355
346.00	2.363
347.00	1.610
348.00	1.046
349.00	0.890
350.00	1.135
351.00	1.345
352.00	1.416
353.00	1.098
354.00	1.166
355.00	1.244
356.00	1.282
357.00	1.974
358.00	1.302
359.00	1.155
360.00	1.278
361.00	1.084
362.00	1.093
363.00	1.156
364.00	1.484
365.00	1.329
366.00	1.439
367.00	1.080
368.00	1.205
369.00	1.416
370.00	1.214
371.00	1.122
372.00	1.156
373.00	0.995
374.00	1.058
375.00	1.135
376.00	1.147
377.00	1.206
378.00	1.058
379.00	0.931
380.00	0.938
381.00	1.049
382.00	0.996
383.00	1.023
384.00	1.240
385.00	0.978
386.00	1.097
387.00	1.045
388.00	1.066
389.00	1.132
390.00	1.232
391.00	1.095
392.00	0.940
393.00	0.919
394.00	1.038
395.00	1.000
396.00	0.943
397.00	1.021
398.00	0.964
399.00	1.121
400.00	1.134
401.00	1.204
402.00	0.954
403.00	1.012
404.00	0.921
405.00	0.945
406.00	1.009
407.00	0.977
408.00	0.892
409.00	0.876
410.00	1.027
411.00	0.941
412.00	1.077
413.00	0.974
414.00	1.009
415.00	1.065
416.00	0.928
417.00	1.005
418.00	1.032
419.00	0.944
420.00	0.988
421.00	1.066
422.00	0.819
423.00	0.888
424.00	0.975
425.00	1.033
426.00	0.945
427.00	0.993
428.00	1.051
429.00	0.902
430.00	0.894
431.00	1.028
432.00	0.819
433.00	0.967
434.00	0.901
435.00	0.902
436.00	0.819
437.00	0.886
438.00	0.869
439.00	0.963
440.00	1.002
441.00	0.907
442.00	0.938
443.00	0.922
444.00	0.875
445.00	0.877
446.00	0.836
447.00	0.905
448.00	1.093
449.00	0.924
450.00	1.007
451.00	0.887
452.00	0.974
453.00	0.895
454.00	0.914
455.00	0.945
456.00	0.983
457.00	0.958
458.00	0.864
459.00	0.949
460.00	0.897
461.00	0.856
462.00	0.906
463.00	0.915
464.00	0.850
465.00	0.841
466.00	0.843
467.00	0.913
468.00	0.987
469.00	0.889
470.00	1.000
471.00	0.932
472.00	0.891
473.00	0.879
474.00	0.875
475.00	0.840
476.00	0.870
477.00	0.896
478.00	0.908
479.00	0.917
480.00	0.990
481.00	0.898
482.00	0.873
483.00	0.853
484.00	0.879
485.00	0.879
486.00	0.818
487.00	0.933
488.00	0.855
489.00	0.868
490.00	0.860
491.00	0.876
492.00	0.865
493.00	0.887
494.00	0.989
495.00	0.913
496.00	0.870
497.00	0.941
498.00	0.990
499.00	0.934
500.00	0.895
501.00	0.884
502.00	0.827
503.00	0.883
504.00	0.961
505.00	0.848
506.00	0.920
507.00	0.908
508.00	0.878
509.00	0.895
510.00	0.847
511.00	0.887
512.00	0.859
513.00	0.872
514.00	0.929
515.00	0.884
516.00	0.865
517.00	0.895
518.00	0.898
519.00	0.911
520.00	0.916
521.00	0.922
522.00	0.962
523.00	0.835
524.00	0.865
525.00	0.877
526.00	0.899
527.00	0.888
528.00	0.861
529.00	0.924
530.00	0.876
531.00	0.912
532.00	0.839
533.00	0.874
534.00	0.890
535.00	0.852
536.00	0.885
537.00	0.893
538.00	0.893
539.00	0.862
540.00	0.908
541.00	0.843
542.00	0.853
543.00	0.924
544.00	0.860
545.00	0.815
546.00	0.884
547.00	0.877
548.00	0.887
549.00	0.873
550.00	0.869
551.00	0.855
552.00	0.831
553.00	0.902
554.00	0.846
555.00	0.871
556.00	0.847
557.00	0.880
558.00	0.825
559.00	0.853
560.00	0.865
561.00	0.893
562.00	0.854
563.00	0.852
564.00	0.903
565.00	0.813
566.00	0.859
567.00	0.826
568.00	0.855
569.00	0.841
570.00	0.817
571.00	0.904
572.00	0.879
573.00	0.888
574.00	0.854
575.00	0.810
576.00	0.843
577.00	0.862
578.00	0.895
579.00	0.869
580.00	0.843
581.00	0.833
582.00	0.898
583.00	0.856
584.00	0.865
585.00	0.875
586.00	0.824
587.00	0.871
588.00	0.896
589.00	0.865
590.00	0.836
591.00	0.915
592.00	0.846
593.00	0.893
594.00	0.823
595.00	0.827
596.00	0.869
597.00	0.828
598.00	0.887
599.00	0.889
600.00	0.849
601.00	0.882
602.00	0.822
603.00	0.893
604.00	0.838
605.00	0.841
606.00	0.861
607.00	0.797
608.00	0.898
609.00	0.884
610.00	0.837
611.00	0.872
612.00	0.860
613.00	0.852
614.00	0.819
615.00	0.812
616.00	0.877
617.00	0.858
618.00	0.800
619.00	0.873
620.00	0.840
621.00	0.786
622.00	0.828
623.00	0.818
624.00	0.837
625.00	0.820
626.00	0.858
627.00	0.828
628.00	0.855
629.00	0.805
630.00	0.850
631.00	0.847
632.00	0.813
633.00	0.851
634.00	0.822
635.00	0.858
636.00	0.858
637.00	0.893
638.00	0.805
639.00	0.815
640.00	0.829
641.00	0.815
642.00	0.857
643.00	0.792
644.00	0.842
645.00	0.811
646.00	0.880
647.00	0.817
648.00	0.838
649.00	0.822
650.00	0.840
651.00	0.824
652.00	0.843
653.00	0.855
654.00	0.851
655.00	0.833
656.00	0.820
657.00	0.812
658.00	0.807
659.00	0.815
660.00	0.866
661.00	0.832
662.00	0.821
663.00	0.813
664.00	0.825
665.00	0.833
666.00	0.840
667.00	0.841
668.00	0.853
669.00	0.860
670.00	0.875
671.00	0.827
672.00	0.834
673.00	0.862
674.00	0.834
675.00	0.847
676.00	0.832
677.00	0.831
678.00	0.844
679.00	0.816
680.00	0.807
681.00	0.827
682.00	0.836
683.00	0.841
684.00	0.819
685.00	0.848
686.00	0.828
687.00	0.837
688.00	0.806
689.00	0.788
690.00	0.813
691.00	0.793
692.00	0.829
693.00	0.841
694.00	0.843
695.00	0.785
696.00	0.841
697.00	0.845
698.00	0.838
699.00	0.804
700.00	0.848
701.00	0.841
702.00	0.832
703.00	0.838
704.00	0.822
705.00	0.813
706.00	0.832
707.00	0.805
708.00	0.846
709.00	0.799
710.00	0.818
711.00	0.804
712.00	0.840
713.00	0.825
714.00	0.842
715.00	0.837
716.00	0.831
717.00	0.826
718.00	0.831
719.00	0.824
720.00	0.815
721.00	0.858
722.00	0.844
723.00	0.822
724.00	0.821
725.00	0.796
726.00	0.827
727.00	0.812
728.00	0.817
729.00	0.826
730.00	0.848
731.00	0.843
732.00	0.796
733.00	0.821
734.00	0.839
735.00	0.797
736.00	0.829
737.00	0.831
738.00	0.832
739.00	0.801
740.00	0.809
741.00	0.817
742.00	0.845
743.00	0.842
744.00	0.839
745.00	0.814
746.00	0.802
747.00	0.823
748.00	0.837
749.00	0.847
750.00	0.841
751.00	0.811
752.00	0.810
753.00	0.841
754.00	0.847
755.00	0.825
756.00	0.801
757.00	0.828
758.00	0.825
759.00	0.819
760.00	0.805
761.00	0.846
762.00	0.820
763.00	0.840
764.00	0.849
765.00	0.806
766.00	0.848
767.00	0.814
768.00	0.837
769.00	0.806
770.00	0.806
771.00	0.832
772.00	0.817
773.00	0.788
774.00	0.813
775.00	0.809
776.00	0.823
777.00	0.811
778.00	0.797
779.00	0.815
780.00	0.835
781.00	0.794
782.00	0.830
783.00	0.793
784.00	0.814
785.00	0.815
786.00	0.827
787.00	0.799
788.00	0.787
789.00	0.804
790.00	0.826
791.00	0.816
792.00	0.832
793.00	0.812
794.00	0.815
795.00	0.818
796.00	0.815
797.00	0.839
798.00	0.823
799.00	0.847
800.00	0.810
801.00	0.837
802.00	0.855
803.00	0.808
804.00	0.826
805.00	0.818
806.00	0.828
807.00	0.832
808.00	0.807
809.00	0.805
810.00	0.824
811.00	0.823
812.00	0.806
813.00	0.832
814.00	0.812
815.00	0.825
816.00	0.827
817.00	0.821
818.00	0.809
819.00	0.814
820.00	0.830
821.00	0.821
822.00	0.804
823.00	0.826
824.00	0.817
825.00	0.836
826.00	0.799
827.00	0.831
828.00	0.841
829.00	0.840
830.00	0.824
831.00	0.841
832.00	0.825
833.00	0.826
834.00	0.828
835.00	0.837
836.00	0.822
837.00	0.812
838.00	0.805
839.00	0.841
840.00	0.827
841.00	0.807
842.00	0.830
843.00	0.813
844.00	0.830
845.00	0.828
846.00	0.827
847.00	0.813
848.00	0.825
849.00	0.826
850.00	0.812
851.00	0.822
852.00	0.831
853.00	0.816
854.00	0.804
855.00	0.814
856.00	0.825
857.00	0.818
858.00	0.814
859.00	0.823
860.00	0.813
861.00	0.823
862.00	0.801
863.00	0.823
864.00	0.835
865.00	0.838
866.00	0.834
867.00	0.814
868.00	0.808
869.00	0.823
870.00	0.819
871.00	0.823
872.00	0.821
873.00	0.807
874.00	0.824
875.00	0.835
876.00	0.821
877.00	0.814
878.00	0.826
879.00	0.802
880.00	0.816
881.00	0.820
882.00	0.819
883.00	0.820
884.00	0.808
885.00	0.812
886.00	0.820
887.00	0.812
888.00	0.812
889.00	0.820
890.00	0.823
891.00	0.819
892.00	0.825
893.00	0.820
894.00	0.816
895.00	0.812
896.00	0.829
897.00	0.843
898.00	0.826
899.00	0.817
900.00	0.808
901.00	0.828
902.00	0.809
903.00	0.816
904.00	0.811
905.00	0.813
906.00	0.835
907.00	0.827
908.00	0.819
909.00	0.819
910.00	0.820
911.00	0.825
912.00	0.823
913.00	0.812
914.00	0.803
915.00	0.821
916.00	0.822
917.00	0.829
918.00	0.831
919.00	0.825
920.00	0.821
921.00	0.815
922.00	0.811
923.00	0.820
924.00	0.815
925.00	0.807
926.00	0.814
927.00	0.819
928.00	0.809
929.00	0.821
930.00	0.816
931.00	0.812
932.00	0.830
933.00	0.816
934.00	0.818
935.00	0.806
936.00	0.829
937.00	0.819
938.00	0.827
939.00	0.812
940.00	0.822
941.00	0.835
942.00	0.823
943.00	0.829
944.00	0.827
945.00	0.801
946.00	0.823
947.00	0.809
948.00	0.819
949.00	0.814
950.00	0.825
951.00	0.828
952.00	0.830
953.00	0.813
954.00	0.810
955.00	0.831
956.00	0.821
957.00	0.832
958.00	0.823
959.00	0.828
960.00	0.822
961.00	0.825
962.00	0.828
963.00	0.809
964.00	0.822
965.00	0.833
966.00	0.813
967.00	0.822
968.00	0.817
969.00	0.830
970.00	0.833
971.00	0.811
972.00	0.826
973.00	0.834
974.00	0.834
975.00	0.827
976.00	0.835
977.00	0.834
978.00	0.815
979.00	0.831
980.00	0.833
981.00	0.822
982.00	0.839
983.00	0.829
984.00	0.822
985.00	0.831
986.00	0.833
987.00	0.828
988.00	0.819
989.00	0.835
990.00	0.825
991.00	0.829
992.00	0.838
993.00	0.835
994.00	0.820
995.00	0.846
996.00	0.838
997.00	0.847
998.00	0.827
999.00	0.831
1000.00	0.840
1001.00	0.852
1002.00	0.834
1003.00	0.834
1004.00	0.823
1005.00	0.834
1006.00	0.830
1007.00	0.844
1008.00	0.847
1009.00	0.825
1010.00	0.832
1011.00	0.855
1012.00	0.836
1013.00	0.849
1014.00	0.838
1015.00	0.828
1016.00	0.846
1017.00	0.841
1018.00	0.827
1019.00	0.844
1020.00	0.835
1021.00	0.846
1022.00	0.827
1023.00	0.861
1024.00	0.848
1025.00	0.865
1026.00	0.858
1027.00	0.845
1028.00	0.837
1029.00	0.848
1030.00	0.868
1031.00	0.834
1032.00	0.863
1033.00	0.844
1034.00	0.852
1035.00	0.850
1036.00	0.852
1037.00	0.845
1038.00	0.852
1039.00	0.862
1040.00	0.861
1041.00	0.872
1042.00	0.863
1043.00	0.847
1044.00	0.854
1045.00	0.856
1046.00	0.857
1047.00	0.853
1048.00	0.867
1049.00	0.860
1050.00	0.851
1051.00	0.849
1052.00	0.864
1053.00	0.866
1054.00	0.868
1055.00	0.849
1056.00	0.866
1057.00	0.853
1058.00	0.854
1059.00	0.869
1060.00	0.864
1061.00	0.860
1062.00	0.865
1063.00	0.853
1064.00	0.847
1065.00	0.865
1066.00	0.879
1067.00	0.860
1068.00	0.871
1069.00	0.865
1070.00	0.863
1071.00	0.869
1072.00	0.879
1073.00	0.852
1074.00	0.866
1075.00	0.856
1076.00	0.867
1077.00	0.874
1078.00	0.863
1079.00	0.879
1080.00	0.879
1081.00	0.883
1082.00	0.852
1083.00	0.865
1084.00	0.871
1085.00	0.879
1086.00	0.851
1087.00	0.855
1088.00	0.877
1089.00	0.883
1090.00	0.878
1091.00	0.876
1092.00	0.868
1093.00	0.882
1094.00	0.885
1095.00	0.882
1096.00	0.858
1097.00	0.865
1098.00	0.868
1099.00	0.886
1100.00	0.873
1101.00	0.866
1102.00	0.860
1103.00	0.875
1104.00	0.869
1105.00	0.890
1106.00	0.876
1107.00	0.882
1108.00	0.874
1109.00	0.870
1110.00	0.861
1111.00	0.867
1112.00	0.862
1113.00	0.865
1114.00	0.872
1115.00	0.864
1116.00	0.883
1117.00	0.876
1118.00	0.866
1119.00	0.860
1120.00	0.871
1121.00	0.886
1122.00	0.857
1123.00	0.867
1124.00	0.873
1125.00	0.868
1126.00	0.877
1127.00	0.871
1128.00	0.860
1129.00	0.863
1130.00	0.861
1131.00	0.856
1132.00	0.866
1133.00	0.857
1134.00	0.858
1135.00	0.865
1136.00	0.859
1137.00	0.847
1138.00	0.870
1139.00	0.862
1140.00	0.852
1141.00	0.859
1142.00	0.868
1143.00	0.877
1144.00	0.865
1145.00	0.866
1146.00	0.870
1147.00	0.863
1148.00	0.854
1149.00	0.872
1150.00	0.863
1151.00	0.864
1152.00	0.854
1153.00	0.868
1154.00	0.867
1155.00	0.849
1156.00	0.850
1157.00	0.861
1158.00	0.867
1159.00	0.867
1160.00	0.854
1161.00	0.857
1162.00	0.871
1163.00	0.869
1164.00	0.882
1165.00	0.860
1166.00	0.854
1167.00	0.850
1168.00	0.881
1169.00	0.867
1170.00	0.862
1171.00	0.854
1172.00	0.857
1173.00	0.852
1174.00	0.859
1175.00	0.861
1176.00	0.848
1177.00	0.874
1178.00	0.869
1179.00	0.857
1180.00	0.841
1181.00	0.866
1182.00	0.859
1183.00	0.853
1184.00	0.870
1185.00	0.855
1186.00	0.867
1187.00	0.856
1188.00	0.852
1189.00	0.877
1190.00	0.865
1191.00	0.864
1192.00	0.846
1193.00	0.862
1194.00	0.850
1195.00	0.863
1196.00	0.861
1197.00	0.861
1198.00	0.861
1199.00	0.854
1200.00	0.868
1201.00	0.854
1202.00	0.863
1203.00	0.858
1204.00	0.872
1205.00	0.851
1206.00	0.874
1207.00	0.874
1208.00	0.862
1209.00	0.856
1210.00	0.873
1211.00	0.874
1212.00	0.863
1213.00	0.865
1214.00	0.859
1215.00	0.868
1216.00	0.855
1217.00	0.875
1218.00	0.865
1219.00	0.851
1220.00	0.879
1221.00	0.870
1222.00	0.865
1223.00	0.853
1224.00	0.870
1225.00	0.871
1226.00	0.872
1227.00	0.878
1228.00	0.863
1229.00	0.869
1230.00	0.882
1231.00	0.861
1232.00	0.882
1233.00	0.870
1234.00	0.864
1235.00	0.874
1236.00	0.865
1237.00	0.871
1238.00	0.893
1239.00	0.874
1240.00	0.874
1241.00	0.878
1242.00	0.870
1243.00	0.888
1244.00	0.879
1245.00	0.883
1246.00	0.884
1247.00	0.875
1248.00	0.885
1249.00	0.886
1250.00	0.894
1251.00	0.888
1252.00	0.879
1253.00	0.884
1254.00	0.885
1255.00	0.888
1256.00	0.898
1257.00	0.888
1258.00	0.889
1259.00	0.896
1260.00	0.883
1261.00	0.893
1262.00	0.890
1263.00	0.887
1264.00	0.900
1265.00	0.880
1266.00	0.901
1267.00	0.886
1268.00	0.889
1269.00	0.886
1270.00	0.896
1271.00	0.891
1272.00	0.909
1273.00	0.906
1274.00	0.913
1275.00	0.904
1276.00	0.889
1277.00	0.909
1278.00	0.907
1279.00	0.896
1280.00	0.906
1281.00	0.918
1282.00	0.913
1283.00	0.917
1284.00	0.907
1285.00	0.916
1286.00	0.910
1287.00	0.914
1288.00	0.917
1289.00	0.901
1290.00	0.915
1291.00	0.921
1292.00	0.923
1293.00	0.933
1294.00	0.932
1295.00	0.926
1296.00	0.910
1297.00	0.929
1298.00	0.924
1299.00	0.917
1300.00	0.937
1301.00	0.938
1302.00	0.927
1303.00	0.928
1304.00	0.934
1305.00	0.925
1306.00	0.920
1307.00	0.941
1308.00	0.933
1309.00	0.936
1310.00	0.939
1311.00	0.943
1312.00	0.940
1313.00	0.924
1314.00	0.927
1315.00	0.941
1316.00	0.939
1317.00	0.956
1318.00	0.944
1319.00	0.943
1320.00	0.938
1321.00	0.949
1322.00	0.944
1323.00	0.939
1324.00	0.944
1325.00	0.943
1326.00	0.936
1327.00	0.938
1328.00	0.950
1329.00	0.955
1330.00	0.939
1331.00	0.943
1332.00	0.956
1333.00	0.945
1334.00	0.955
1335.00	0.951
1336.00	0.954
1337.00	0.954
1338.00	0.953
1339.00	0.946
1340.00	0.956
1341.00	0.953
1342.00	0.960
1343.00	0.962
1344.00	0.960
1345.00	0.943
1346.00	0.940
1347.00	0.958
1348.00	0.957
1349.00	0.964
1350.00	0.953
1351.00	0.964
1352.00	0.969
1353.00	0.959
1354.00	0.944
1355.00	0.945
1356.00	0.954
1357.00	0.959
1358.00	0.968
1359.00	0.964
1360.00	0.959
1361.00	0.960
1362.00	0.959
1363.00	0.951
1364.00	0.956
1365.00	0.948
1366.00	0.954
1367.00	0.964
1368.00	0.944
1369.00	0.956
1370.00	0.949
1371.00	0.943
1372.00	0.942
1373.00	0.954
1374.00	0.958
1375.00	0.944
1376.00	0.949
1377.00	0.945
1378.00	0.935
1379.00	0.959
1380.00	0.947
1381.00	0.946
1382.00	0.938
1383.00	0.946
1384.00	0.950
1385.00	0.949
1386.00	0.941
1387.00	0.945
1388.00	0.942
1389.00	0.941
1390.00	0.949
1391.00	0.941
1392.00	0.941
1393.00	0.940
1394.00	0.941
1395.00	0.932
1396.00	0.929
1397.00	0.934
1398.00	0.939
1399.00	0.941
1400.00	0.923
1401.00	0.933
1402.00	0.927
1403.00	0.935
1404.00	0.930
1405.00	0.925
1406.00	0.929
1407.00	0.916
1408.00	0.926
1409.00	0.922
1410.00	0.922
1411.00	0.938
1412.00	0.916
1413.00	0.914
1414.00	0.925
1415.00	0.929
1416.00	0.928
1417.00	0.916
1418.00	0.919
1419.00	0.900
1420.00	0.918
1421.00	0.919
1422.00	0.910
1423.00	0.910
1424.00	0.899
1425.00	0.901
1426.00	0.900
1427.00	0.900
1428.00	0.905
1429.00	0.909
1430.00	0.899
1431.00	0.901
1432.00	0.891
1433.00	0.905
1434.00	0.895
1435.00	0.899
1436.00	0.899
1437.00	0.893
1438.00	0.892
1439.00	0.896
1440.00	0.885
1441.00	0.887
1442.00	0.884
1443.00	0.893
1444.00	0.880
1445.00	0.891
1446.00	0.894
1447.00	0.886
1448.00	0.868
1449.00	0.887
1450.00	0.893
1451.00	0.884
1452.00	0.870
1453.00	0.875
1454.00	0.861
1455.00	0.880
1456.00	0.868
1457.00	0.882
1458.00	0.872
1459.00	0.873
1460.00	0.873
1461.00	0.866
1462.00	0.861
1463.00	0.862
1464.00	0.871
1465.00	0.864
1466.00	0.875
1467.00	0.862
1468.00	0.873
1469.00	0.863
1470.00	0.866
1471.00	0.869
1472.00	0.854
1473.00	0.866
1474.00	0.862
1475.00	0.869
1476.00	0.863
1477.00	0.864
1478.00	0.845
1479.00	0.851
1480.00	0.853
1481.00	0.855
1482.00	0.850
1483.00	0.840
1484.00	0.849
1485.00	0.839
1486.00	0.855
1487.00	0.862
1488.00	0.853
1489.00	0.850
1490.00	0.847
1491.00	0.844
1492.00	0.849
1493.00	0.845
1494.00	0.844
1495.00	0.855
1496.00	0.844
1497.00	0.847
1498.00	0.852
1499.00	0.851
1500.00	0.855
1501.00	0.846
1502.00	0.838
1503.00	0.839
1504.00	0.846
1505.00	0.840
1506.00	0.839
1507.00	0.852
1508.00	0.847
1509.00	0.835
1510.00	0.847
1511.00	0.840
1512.00	0.848
1513.00	0.833
1514.00	0.855
1515.00	0.842
1516.00	0.844
1517.00	0.841
1518.00	0.843
1519.00	0.831
1520.00	0.843
1521.00	0.843
1522.00	0.847
1523.00	0.843
1524.00	0.845
1525.00	0.835
1526.00	0.846
1527.00	0.847
1528.00	0.841
1529.00	0.841
1530.00	0.840
1531.00	0.848
1532.00	0.850
1533.00	0.844
1534.00	0.848
1535.00	0.840
1536.00	0.858
1537.00	0.851
1538.00	0.847
1539.00	0.837
1540.00	0.845
1541.00	0.848
1542.00	0.850
1543.00	0.845
1544.00	0.851
1545.00	0.836
1546.00	0.848
1547.00	0.851
1548.00	0.843
1549.00	0.847
1550.00	0.835
1551.00	0.844
1552.00	0.864
1553.00	0.861
1554.00	0.858
1555.00	0.850
1556.00	0.865
1557.00	0.853
1558.00	0.853
1559.00	0.846
1560.00	0.862
1561.00	0.852
1562.00	0.857
1563.00	0.859
1564.00	0.859
1565.00	0.859
1566.00	0.857
1567.00	0.864
1568.00	0.855
1569.00	0.861
1570.00	0.844
1571.00	0.865
1572.00	0.865
1573.00	0.882
1574.00	0.861
1575.00	0.866
1576.00	0.867
1577.00	0.859
1578.00	0.864
1579.00	0.860
1580.00	0.863
1581.00	0.866
1582.00	0.862
1583.00	0.875
1584.00	0.873
1585.00	0.870
1586.00	0.865
1587.00	0.859
1588.00	0.868
1589.00	0.862
1590.00	0.869
1591.00	0.854
1592.00	0.878
1593.00	0.872
1594.00	0.879
1595.00	0.869
1596.00	0.870
1597.00	0.883
1598.00	0.893
1599.00	0.878
1600.00	0.890
1601.00	0.886
1602.00	0.883
1603.00	0.886
1604.00	0.874
1605.00	0.881
1606.00	0.880
1607.00	0.875
1608.00	0.879
1609.00	0.886
1610.00	0.888
1611.00	0.878
1612.00	0.886
1613.00	0.873
1614.00	0.882
1615.00	0.889
1616.00	0.902
1617.00	0.888
1618.00	0.881
1619.00	0.910
1620.00	0.898
1621.00	0.894
1622.00	0.894
1623.00	0.890
1624.00	0.891
1625.00	0.889
1626.00	0.900
1627.00	0.900
1628.00	0.899
1629.00	0.908
1630.00	0.902
1631.00	0.901
1632.00	0.900
1633.00	0.893
1634.00	0.902
1635.00	0.903
1636.00	0.908
1637.00	0.890
1638.00	0.889
1639.00	0.892
1640.00	0.894
1641.00	0.907
1642.00	0.894
1643.00	0.893
1644.00	0.894
1645.00	0.901
1646.00	0.914
1647.00	0.910
1648.00	0.901
1649.00	0.901
1650.00	0.888
1651.00	0.915
1652.00	0.899
1653.00	0.907
1654.00	0.900
1655.00	0.916
1656.00	0.898
1657.00	0.892
1658.00	0.898
1659.00	0.884
1660.00	0.908
1661.00	0.888
1662.00	0.902
1663.00	0.903
1664.00	0.904
1665.00	0.898
1666.00	0.885
1667.00	0.895
1668.00	0.921
1669.00	0.906
1670.00	0.903
1671.00	0.900
1672.00	0.905
1673.00	0.906
1674.00	0.898
1675.00	0.894
1676.00	0.902
1677.00	0.894
1678.00	0.895
1679.00	0.903
1680.00	0.906
1681.00	0.901
1682.00	0.905
1683.00	0.900
1684.00	0.882
1685.00	0.891
1686.00	0.879
1687.00	0.887
1688.00	0.891
1689.00	0.896
1690.00	0.895
1691.00	0.886
1692.00	0.891
1693.00	0.897
1694.00	0.885
1695.00	0.891
1696.00	0.880
1697.00	0.892
1698.00	0.881
1699.00	0.882
1700.00	0.876
1701.00	0.891
1702.00	0.884
1703.00	0.876
1704.00	0.880
1705.00	0.889
1706.00	0.866
1707.00	0.866
1708.00	0.883
1709.00	0.871
1710.00	0.871
1711.00	0.865
1712.00	0.882
1713.00	0.871
1714.00	0.877
1715.00	0.868
1716.00	0.867
1717.00	0.895
1718.00	0.859
1719.00	0.865
1720.00	0.860
1721.00	0.850
1722.00	0.857
1723.00	0.870
1724.00	0.846
1725.00	0.844
1726.00	0.842
1727.00	0.837
1728.00	0.840
1729.00	0.849
1730.00	0.837
1731.00	0.850
1732.00	0.840
1733.00	0.847
1734.00	0.826
1735.00	0.838
1736.00	0.837
1737.00	0.828
1738.00	0.833
1739.00	0.828
1740.00	0.824
1741.00	0.824
1742.00	0.831
1743.00	0.801
1744.00	0.819
1745.00	0.810
1746.00	0.828
1747.00	0.816
1748.00	0.812
1749.00	0.819
1750.00	0.808
1751.00	0.805
1752.00	0.818
1753.00	0.809
1754.00	0.802
1755.00	0.806
1756.00	0.797
1757.00	0.793
1758.00	0.792
1759.00	0.790
1760.00	0.795
1761.00	0.788
1762.00	0.786
1763.00	0.795
1764.00	0.778
1765.00	0.774
1766.00	0.780
1767.00	0.788
1768.00	0.775
1769.00	0.774
1770.00	0.768
1771.00	0.779
1772.00	0.772
1773.00	0.767
1774.00	0.771
1775.00	0.774
1776.00	0.754
1777.00	0.764
1778.00	0.759
1779.00	0.757
1780.00	0.757
1781.00	0.750
1782.00	0.751
1783.00	0.737
1784.00	0.749
1785.00	0.760
1786.00	0.742
1787.00	0.731
1788.00	0.734
1789.00	0.733
1790.00	0.739
1791.00	0.743
1792.00	0.722
1793.00	0.742
1794.00	0.729
1795.00	0.722
1796.00	0.728
1797.00	0.729
1798.00	0.723
1799.00	0.726
1800.00	0.734
1801.00	0.710
1802.00	0.713
1803.00	0.718
1804.00	0.717
1805.00	0.708
1806.00	0.703
1807.00	0.710
1808.00	0.698
1809.00	0.704
1810.00	0.711
1811.00	0.700
1812.00	0.694
1813.00	0.712
1814.00	0.695
1815.00	0.689
1816.00	0.703
1817.00	0.697
1818.00	0.691
1819.00	0.697
1820.00	0.691
1821.00	0.681
1822.00	0.688
1823.00	0.685
1824.00	0.677
1825.00	0.695
1826.00	0.676
1827.00	0.678
1828.00	0.670
1829.00	0.667
1830.00	0.673
1831.00	0.663
1832.00	0.668
1833.00	0.656
1834.00	0.673
1835.00	0.669
1836.00	0.675
1837.00	0.665
1838.00	0.663
1839.00	0.663
1840.00	0.653
1841.00	0.670
1842.00	0.660
1843.00	0.664
1844.00	0.651
1845.00	0.651
1846.00	0.643
1847.00	0.651
1848.00	0.650
1849.00	0.640
1850.00	0.646
1851.00	0.642
1852.00	0.638
1853.00	0.639
1854.00	0.647
1855.00	0.654
1856.00	0.644
1857.00	0.637
1858.00	0.629
1859.00	0.629
1860.00	0.632
1861.00	0.640
1862.00	0.624
1863.00	0.639
1864.00	0.636
1865.00	0.628
1866.00	0.622
1867.00	0.625
1868.00	0.629
1869.00	0.620
1870.00	0.616
1871.00	0.623
1872.00	0.618
1873.00	0.633
1874.00	0.623
1875.00	0.625
1876.00	0.617
1877.00	0.621
1878.00	0.614
1879.00	0.619
1880.00	0.611
1881.00	0.614
1882.00	0.611
1883.00	0.611
1884.00	0.619
1885.00	0.612
1886.00	0.615
1887.00	0.609
1888.00	0.608
1889.00	0.609
1890.00	0.608
1891.00	0.612
1892.00	0.609
1893.00	0.602
1894.00	0.596
1895.00	0.603
1896.00	0.604
1897.00	0.601
1898.00	0.598
1899.00	0.598
1900.00	0.604
1901.00	0.601
1902.00	0.600
1903.00	0.590
1904.00	0.594
1905.00	0.588
1906.00	0.588
1907.00	0.593
1908.00	0.596
1909.00	0.594
1910.00	0.594
1911.00	0.592
1912.00	0.601
1913.00	0.590
1914.00	0.584
1915.00	0.591
1916.00	0.586
1917.00	0.587
1918.00	0.588
1919.00	0.585
1920.00	0.592
1921.00	0.593
1922.00	0.582
1923.00	0.575
1924.00	0.582
1925.00	0.577
1926.00	0.576
1927.00	0.581
1928.00	0.580
1929.00	0.576
1930.00	0.574
1931.00	0.574
1932.00	0.573
1933.00	0.579
1934.00	0.581
1935.00	0.577
1936.00	0.581
1937.00	0.586
1938.00	0.576
1939.00	0.576
1940.00	0.583
1941.00	0.576
1942.00	0.569
1943.00	0.578
1944.00	0.570
1945.00	0.567
1946.00	0.567
1947.00	0.582
1948.00	0.571
1949.00	0.564
1950.00	0.559
1951.00	0.572
1952.00	0.571
1953.00	0.569
1954.00	0.578
1955.00	0.567
1956.00	0.570
1957.00	0.567
1958.00	0.577
1959.00	0.559
1960.00	0.573
1961.00	0.561
1962.00	0.567
1963.00	0.576
1964.00	0.562
1965.00	0.558
1966.00	0.563
1967.00	0.568
1968.00	0.565
1969.00	0.566
1970.00	0.569
1971.00	0.554
1972.00	0.566
1973.00	0.555
1974.00	0.570
1975.00	0.554
1976.00	0.554
1977.00	0.559
1978.00	0.570
1979.00	0.563
1980.00	0.557
1981.00	0.562
1982.00	0.551
1983.00	0.546
1984.00	0.559
1985.00	0.559
1986.00	0.543
1987.00	0.561
1988.00	0.549
1989.00	0.551
1990.00	0.558
1991.00	0.568
1992.00	0.551
1993.00	0.553
1994.00	0.548
1995.00	0.547
1996.00	0.562
1997.00	0.562
1998.00	0.549
1999.00	0.559
2000.00	0.559
2001.00	0.554
2002.00	0.551
2003.00	0.561
2004.00	0.549
2005.00	0.562
2006.00	0.535
2007.00	0.553
2008.00	0.540
2009.00	0.539
2010.00	0.547
2011.00	0.546
2012.00	0.549
2013.00	0.545
2014.00	0.546
2015.00	0.555
2016.00	0.551
2017.00	0.553
2018.00	0.538
2019.00	0.554
2020.00	0.542
2021.00	0.556
2022.00	0.549
2023.00	0.548
2024.00	0.554
2025.00	0.549
2026.00	0.549
2027.00	0.536
2028.00	0.540
2029.00	0.547
2030.00	0.548
2031.00	0.542
2032.00	0.547
2033.00	0.541
2034.00	0.526
2035.00	0.542
2036.00	0.534
2037.00	0.544
2038.00	0.545
2039.00	0.540
2040.00	0.536
2041.00	0.555
2042.00	0.544
2043.00	0.532
2044.00	0.543
2045.00	0.545
2046.00	0.551
2047.00	0.536
